7 0.522222 0.41849 0.027778 0.015104
7 0.595833 0.413021 0.030556 0.01875
7 0.568056 0.426823 0.026852 0.015104
7 0.474537 0.416146 0.026852 0.015625
3 0.549537 0.484115 0.034259 0.018229
7 0.559259 0.399219 0.027778 0.017188
3 0.519444 0.460938 0.033333 0.019792
7 0.515741 0.382812 0.02963 0.01875
3 0.487963 0.494271 0.037037 0.025
3 0.580093 0.507031 0.032407 0.021354
3 0.605093 0.482031 0.032407 0.020313
3 0.511111 0.529427 0.040741 0.025521
10 0.577315 0.332552 0.021296 0.013021
10 0.516204 0.332031 0.015741 0.008854
10 0.573611 0.358594 0.023148 0.011979
10 0.54213 0.33099 0.017593 0.013021
10 0.505093 0.350521 0.021296 0.013542
10 0.550926 0.344792 0.022222 0.011458
10 0.537963 0.305729 0.02037 0.0125
10 0.50787 0.319531 0.017593 0.009896
