10 0.477778 0.282292 0.018519 0.010417
7 0.543056 0.397917 0.032407 0.01875
7 0.4875 0.388542 0.034259 0.01875
7 0.428241 0.385677 0.034259 0.019271
7 0.575926 0.38125 0.038889 0.023958
7 0.478241 0.345313 0.036111 0.023958
3 0.447222 0.48125 0.046296 0.033333
7 0.531944 0.364844 0.034259 0.022396
10 0.509722 0.282031 0.023148 0.015104
3 0.474537 0.522396 0.047222 0.03125
3 0.519444 0.467187 0.040741 0.022917
10 0.518981 0.299219 0.023148 0.014063
10 0.46713 0.26875 0.019444 0.010417
3 0.561111 0.494531 0.042593 0.024479
3 0.589352 0.464844 0.041667 0.025521
10 0.551852 0.284375 0.025926 0.014583
10 0.549537 0.316406 0.026852 0.013021
3 0.483333 0.442448 0.042593 0.027604
10 0.465278 0.30599 0.025 0.016146
10 0.504167 0.253385 0.026852 0.013021
