7 0.533333 0.424219 0.022222 0.013021
7 0.493519 0.421875 0.024074 0.0125
7 0.528241 0.395573 0.025 0.015104
7 0.569444 0.430729 0.022222 0.013542
7 0.563889 0.409115 0.022222 0.015104
7 0.593056 0.419792 0.025 0.014583
3 0.529167 0.459635 0.025 0.017188
3 0.553241 0.478385 0.028704 0.014063
3 0.521759 0.514323 0.032407 0.020313
10 0.580556 0.354687 0.018519 0.010417
10 0.521759 0.36875 0.017593 0.010417
3 0.577315 0.496615 0.026852 0.016146
3 0.502778 0.485677 0.02963 0.020313
10 0.522685 0.343229 0.015741 0.008333
10 0.531019 0.353646 0.013889 0.007292
10 0.552315 0.353125 0.017593 0.010417
10 0.575463 0.376302 0.017593 0.009896
3 0.598611 0.476302 0.026852 0.016146
10 0.549074 0.334115 0.018519 0.008854
10 0.556481 0.366406 0.014815 0.006771
