7 0.544732 0.433538 0.023382 0.013177
7 0.569169 0.422352 0.026906 0.016329
7 0.501525 0.396528 0.025727 0.015699
7 0.466031 0.424157 0.02597 0.014329
7 0.538439 0.410777 0.024782 0.014785
7 0.50802 0.426712 0.024044 0.013503
7 0.526908 0.482122 0.026682 0.013379
7 0.502721 0.461531 0.027975 0.014669
3 0.496218 0.520315 0.034974 0.021909
7 0.552777 0.501462 0.028057 0.016863
3 0.477379 0.490659 0.031029 0.021264
7 0.495328 0.369187 0.018814 0.011859
7 0.555365 0.354762 0.017784 0.011468
7 0.526511 0.354671 0.015183 0.008446
7 0.497468 0.343725 0.01658 0.008885
7 0.530736 0.367202 0.014904 0.007161
3 0.574468 0.481077 0.029451 0.017755
7 0.503218 0.353966 0.013719 0.007742
