7 0.501852 0.39375 0.031481 0.017708
7 0.585185 0.3875 0.035185 0.021875
7 0.446759 0.390625 0.032407 0.017708
3 0.489352 0.520312 0.043519 0.030208
3 0.533333 0.467969 0.040741 0.021354
7 0.544444 0.372135 0.031481 0.020313
7 0.493981 0.353646 0.032407 0.021875
3 0.463426 0.480208 0.041667 0.030208
7 0.55463 0.402604 0.031481 0.017708
3 0.596296 0.465365 0.040741 0.023438
10 0.494907 0.294531 0.017593 0.009896
10 0.525 0.29375 0.02037 0.014583
3 0.568981 0.493229 0.036111 0.021875
3 0.497685 0.44401 0.037963 0.027604
10 0.53287 0.311979 0.023148 0.009375
10 0.484722 0.282552 0.017593 0.008854
10 0.518981 0.26875 0.025 0.010417
10 0.563889 0.296354 0.024074 0.013542
10 0.561574 0.323958 0.023148 0.014583
10 0.484259 0.315625 0.02963 0.014583
