7 0.571296 0.452083 0.083333 0.038542
3 0.235648 0.710677 0.091667 0.042188
3 0.64213 0.655208 0.089815 0.064583
7 0.482407 0.382031 0.075926 0.038021
7 0.288889 0.454427 0.07963 0.045312
7 0.425463 0.463021 0.075 0.039583
3 0.385648 0.80651 0.087963 0.049479
7 0.386574 0.417708 0.087963 0.04375
3 0.539815 0.83151 0.085185 0.046354
10 0.3875 0.125781 0.050926 0.033854
7 0.456481 0.519271 0.075926 0.038542
10 0.262037 0.218229 0.02963 0.016667
10 0.581944 0.130469 0.056481 0.033854
10 0.608796 0.23151 0.060185 0.029687
3 0.356019 0.669531 0.084259 0.053646
10 0.387037 0.24349 0.061111 0.030729
10 0.393519 0.178385 0.035185 0.021354
10 0.488889 0.160677 0.053704 0.026562
3 0.513889 0.713802 0.074074 0.058854
10 0.497685 0.247917 0.052778 0.034375
