3 0.268056 0.690365 0.084259 0.041146
3 0.564352 0.800781 0.080556 0.044271
3 0.417593 0.780729 0.087037 0.05
3 0.536111 0.689583 0.074074 0.057292
7 0.495833 0.371875 0.071296 0.0375
7 0.403704 0.407292 0.085185 0.042708
7 0.472222 0.503906 0.068519 0.038021
7 0.583796 0.438021 0.080556 0.036458
3 0.386111 0.649219 0.085185 0.052604
10 0.393056 0.125781 0.047222 0.032813
7 0.44213 0.45026 0.071296 0.038021
3 0.657407 0.631771 0.085185 0.060417
7 0.311111 0.44375 0.075926 0.042708
10 0.276852 0.216406 0.02963 0.016146
10 0.493056 0.158594 0.050926 0.025521
10 0.399074 0.238802 0.055556 0.029687
10 0.611574 0.226823 0.056481 0.028646
10 0.403704 0.177083 0.035185 0.020833
10 0.582407 0.128906 0.053704 0.031771
10 0.505556 0.242969 0.05 0.032813
