3 0.283347 0.685665 0.081367 0.037119
3 0.415876 0.767669 0.07967 0.044109
3 0.547382 0.787616 0.076364 0.041249
3 0.633131 0.634385 0.083919 0.056296
7 0.442085 0.471543 0.066036 0.035718
7 0.569966 0.461422 0.077344 0.035759
7 0.491698 0.401144 0.063722 0.034954
3 0.388518 0.650651 0.077237 0.046844
7 0.408578 0.433394 0.078453 0.038918
7 0.324899 0.464157 0.070282 0.040061
3 0.52391 0.686555 0.066305 0.050225
7 0.469954 0.520115 0.066122 0.035843
10 0.297312 0.260759 0.026616 0.015105
10 0.574297 0.18255 0.047066 0.028905
10 0.410985 0.225315 0.03418 0.01904
10 0.502551 0.285568 0.045582 0.029824
10 0.596071 0.271292 0.050454 0.025796
10 0.402653 0.178624 0.043911 0.029159
10 0.40598 0.282426 0.052638 0.026682
10 0.492751 0.209509 0.046556 0.022759
