7 0.561812 0.422942 0.027287 0.01689
7 0.536604 0.434791 0.025141 0.013761
7 0.497129 0.427747 0.02363 0.013844
7 0.454755 0.425362 0.024233 0.013666
7 0.529734 0.411245 0.024441 0.015281
7 0.491597 0.396306 0.025878 0.015481
7 0.493997 0.463833 0.026133 0.016175
7 0.518011 0.485492 0.02976 0.014801
7 0.546382 0.35281 0.020225 0.012307
7 0.546225 0.504896 0.028474 0.016468
3 0.568579 0.483084 0.030266 0.017766
7 0.482931 0.368596 0.019937 0.011276
3 0.485617 0.525008 0.035461 0.022712
7 0.46518 0.493583 0.032322 0.021051
7 0.492388 0.466302 0.027996 0.018744
7 0.514716 0.353468 0.015444 0.007209
7 0.520952 0.36525 0.014948 0.007312
7 0.542254 0.376195 0.018704 0.009741
