3 0.285185 0.685937 0.081481 0.0375
3 0.416667 0.76875 0.07963 0.044792
3 0.547685 0.788802 0.076852 0.041146
7 0.443056 0.471354 0.067593 0.035417
3 0.633796 0.634635 0.084259 0.055729
7 0.569907 0.461458 0.076852 0.035417
7 0.325 0.464062 0.07037 0.039583
7 0.49213 0.401302 0.063889 0.034896
3 0.390741 0.650781 0.077778 0.047396
3 0.524074 0.6875 0.066667 0.05
7 0.409259 0.433594 0.077778 0.039062
7 0.469907 0.520573 0.065741 0.035937
10 0.574537 0.181771 0.047222 0.028125
10 0.297685 0.260417 0.026852 0.015625
10 0.411111 0.225 0.035185 0.019792
10 0.597685 0.270833 0.052778 0.026042
10 0.503241 0.285156 0.04537 0.029687
10 0.493519 0.209375 0.046296 0.022917
10 0.405556 0.282292 0.053704 0.027083
10 0.402778 0.178125 0.044444 0.029167
