7 0.558796 0.435156 0.023148 0.014063
7 0.583796 0.422396 0.026852 0.016667
3 0.539352 0.488802 0.030556 0.017188
7 0.510185 0.395833 0.027778 0.016667
7 0.51713 0.427865 0.026852 0.014063
7 0.473148 0.42526 0.024074 0.014063
7 0.549537 0.410417 0.025 0.015625
3 0.5125 0.466927 0.030556 0.019271
3 0.568056 0.508333 0.028704 0.01875
3 0.505093 0.528385 0.036111 0.024479
10 0.564352 0.373437 0.021296 0.011458
10 0.567593 0.35026 0.02037 0.011979
3 0.591667 0.485156 0.031481 0.019271
3 0.484722 0.496354 0.034259 0.022917
10 0.501852 0.365625 0.02037 0.0125
10 0.541204 0.361719 0.015741 0.010937
10 0.535648 0.347396 0.019444 0.011458
10 0.533796 0.325781 0.017593 0.008854
10 0.503704 0.3375 0.014815 0.008333
10 0.5125 0.347396 0.012037 0.008333
