3 0.250463 0.719531 0.087963 0.042188
7 0.300463 0.465625 0.076852 0.04375
7 0.396296 0.430208 0.087037 0.04375
7 0.581481 0.46276 0.085185 0.038021
7 0.465741 0.529427 0.074074 0.039062
10 0.586574 0.14375 0.05463 0.033333
3 0.401852 0.814323 0.088889 0.051562
3 0.547222 0.835938 0.094444 0.044792
7 0.434722 0.473698 0.073148 0.039062
3 0.528241 0.721615 0.076852 0.058854
7 0.491204 0.392969 0.071296 0.038021
3 0.653704 0.66276 0.092593 0.064062
3 0.372222 0.678385 0.087037 0.053646
10 0.613889 0.245052 0.059259 0.029687
10 0.505556 0.261458 0.05 0.034375
10 0.401852 0.192448 0.035185 0.021354
10 0.391204 0.139063 0.050926 0.032292
10 0.394444 0.25651 0.061111 0.030729
10 0.27037 0.232292 0.02963 0.016667
10 0.494907 0.173958 0.052778 0.025
