3 0.390741 0.629948 0.075926 0.043229
3 0.621296 0.615885 0.077778 0.048438
3 0.294444 0.664062 0.072222 0.034375
3 0.541667 0.758854 0.068519 0.0375
7 0.331944 0.45651 0.063889 0.038021
7 0.440741 0.46276 0.061111 0.033854
7 0.408796 0.427604 0.075 0.0375
3 0.518056 0.664062 0.063889 0.046875
7 0.4875 0.397656 0.060185 0.031771
3 0.416204 0.741146 0.071296 0.040625
7 0.561111 0.452865 0.068519 0.033854
7 0.467593 0.508854 0.061111 0.032292
10 0.487963 0.217188 0.042593 0.021875
10 0.585648 0.275 0.047222 0.025
10 0.563889 0.191927 0.044444 0.026562
10 0.496759 0.288542 0.043519 0.027083
10 0.403241 0.188542 0.041667 0.027083
10 0.407407 0.285417 0.048148 0.025
10 0.305093 0.265625 0.025 0.014583
10 0.410648 0.232292 0.032407 0.017708
