7 0.555093 0.377604 0.030556 0.01875
7 0.596296 0.392448 0.033333 0.020313
10 0.507407 0.301823 0.016667 0.009896
7 0.565741 0.408073 0.02963 0.017188
7 0.515278 0.398958 0.032407 0.017708
7 0.50787 0.359635 0.032407 0.020313
7 0.461111 0.396354 0.031481 0.017708
10 0.575463 0.304688 0.023148 0.0125
3 0.501852 0.521875 0.042593 0.029167
3 0.543981 0.471094 0.037963 0.020313
3 0.511111 0.447396 0.037037 0.022917
3 0.578704 0.496615 0.037037 0.023438
10 0.531481 0.276823 0.024074 0.009896
3 0.476852 0.482812 0.040741 0.029167
10 0.535648 0.301042 0.023148 0.015625
10 0.544907 0.31875 0.021296 0.010417
10 0.496759 0.323698 0.023148 0.015104
3 0.606019 0.469792 0.037963 0.023958
10 0.572222 0.333073 0.024074 0.013021
10 0.496759 0.290625 0.017593 0.010417
