7 0.440741 0.384115 0.031481 0.018229
7 0.582407 0.379688 0.038889 0.022917
7 0.538889 0.364063 0.031481 0.019792
7 0.497685 0.386719 0.032407 0.018229
7 0.488889 0.344792 0.033333 0.020833
7 0.55 0.396094 0.031481 0.018229
10 0.488889 0.285417 0.016667 0.010417
3 0.457407 0.473698 0.042593 0.028646
10 0.478241 0.273177 0.019444 0.009896
3 0.593519 0.460417 0.038889 0.022917
3 0.565741 0.488281 0.037037 0.022396
10 0.528704 0.301563 0.024074 0.013542
3 0.493056 0.436458 0.039815 0.025
10 0.560648 0.288021 0.023148 0.0125
3 0.527315 0.46276 0.039815 0.022396
10 0.52037 0.285156 0.025926 0.014063
10 0.514352 0.257292 0.025 0.013542
10 0.477315 0.308333 0.023148 0.013542
3 0.484259 0.514844 0.046296 0.028646
10 0.558333 0.316146 0.024074 0.014583
