7 0.548148 0.404167 0.025926 0.016667
7 0.468519 0.419531 0.025926 0.014063
7 0.513426 0.421615 0.025 0.014063
7 0.581944 0.416667 0.028704 0.016667
3 0.503241 0.524219 0.036111 0.022396
7 0.556019 0.429167 0.025 0.013542
7 0.508333 0.388542 0.027778 0.017708
3 0.511111 0.461458 0.02963 0.01875
3 0.5375 0.482552 0.030556 0.015104
3 0.482407 0.491406 0.035185 0.023438
10 0.531944 0.342969 0.017593 0.008854
10 0.566204 0.342187 0.021296 0.0125
10 0.508333 0.341667 0.012963 0.008333
3 0.590741 0.480729 0.031481 0.01875
3 0.567593 0.503385 0.02963 0.018229
10 0.529167 0.319271 0.019444 0.010417
10 0.560648 0.366146 0.023148 0.013542
10 0.539815 0.354687 0.02037 0.010417
10 0.499074 0.358333 0.018519 0.011458
10 0.500926 0.329948 0.018519 0.008854
