7 0.501852 0.39375 0.031481 0.017708
3 0.532407 0.46849 0.040741 0.021354
7 0.585185 0.38724 0.035185 0.021354
7 0.446296 0.390885 0.033333 0.018229
7 0.543519 0.372135 0.031481 0.020313
7 0.493981 0.353646 0.032407 0.021875
3 0.488889 0.520052 0.044444 0.030729
3 0.463426 0.479687 0.041667 0.029167
7 0.554167 0.402604 0.032407 0.017708
10 0.494907 0.294271 0.017593 0.010417
3 0.596296 0.465365 0.040741 0.023438
10 0.532407 0.311458 0.022222 0.010417
10 0.523611 0.29401 0.023148 0.014063
3 0.568519 0.49349 0.037037 0.022396
3 0.497222 0.44375 0.038889 0.026042
10 0.483333 0.282292 0.018519 0.009375
10 0.563889 0.296615 0.024074 0.013021
10 0.518519 0.268229 0.024074 0.010417
10 0.560185 0.326823 0.024074 0.010937
10 0.48287 0.315625 0.025 0.015625
