7 0.5401 0.413755 0.024874 0.016121
7 0.501318 0.398375 0.026805 0.015691
7 0.546968 0.437413 0.025239 0.013958
7 0.464122 0.427839 0.026429 0.014056
7 0.502208 0.46779 0.029313 0.018338
7 0.57284 0.425206 0.028104 0.016365
7 0.507623 0.430534 0.024592 0.013823
7 0.529335 0.489814 0.030357 0.0158
7 0.556289 0.508937 0.029335 0.017977
7 0.557332 0.354049 0.020081 0.012061
7 0.52549 0.353627 0.016297 0.008864
7 0.493659 0.369302 0.020048 0.012602
10 0.496106 0.52932 0.03475 0.02228
7 0.495001 0.343135 0.016546 0.008836
3 0.475459 0.497471 0.031498 0.021957
7 0.53151 0.366742 0.015686 0.007487
7 0.476012 0.49703 0.033632 0.022342
7 0.503031 0.3532 0.014617 0.008356
