3 0.275926 0.692448 0.083333 0.038021
3 0.531019 0.69349 0.073148 0.055729
3 0.55463 0.80026 0.077778 0.043229
3 0.415278 0.779167 0.084259 0.048958
3 0.387037 0.652604 0.085185 0.053125
7 0.444444 0.464062 0.074074 0.038542
7 0.579167 0.453385 0.082407 0.038021
7 0.406944 0.423438 0.082407 0.040625
3 0.647222 0.63776 0.087037 0.058854
7 0.319907 0.456771 0.076852 0.04375
7 0.473148 0.515625 0.068519 0.0375
7 0.496759 0.389583 0.071296 0.0375
10 0.289352 0.240885 0.028704 0.016146
10 0.608796 0.251563 0.056481 0.028125
10 0.400926 0.153385 0.048148 0.031771
10 0.583333 0.157292 0.051852 0.03125
10 0.40463 0.263021 0.057407 0.028125
10 0.409259 0.203646 0.037037 0.020833
10 0.496759 0.185677 0.049074 0.024479
10 0.506481 0.266406 0.05 0.032813
