3 0.399537 0.799479 0.087963 0.051042
3 0.247222 0.705469 0.088889 0.041146
7 0.390741 0.41875 0.087037 0.04375
3 0.55 0.820833 0.07963 0.044792
7 0.486111 0.382292 0.07037 0.0375
3 0.522685 0.707292 0.075 0.058333
7 0.461574 0.516667 0.073148 0.038542
7 0.429167 0.461979 0.075 0.038542
7 0.574074 0.450521 0.081481 0.0375
3 0.368981 0.665104 0.086111 0.053125
10 0.386111 0.130729 0.048148 0.033333
7 0.298148 0.454427 0.077778 0.044271
10 0.606944 0.234635 0.060185 0.029687
10 0.579167 0.135417 0.05463 0.033333
3 0.648148 0.648438 0.090741 0.060417
10 0.497222 0.251042 0.053704 0.034375
10 0.389352 0.246875 0.060185 0.030208
10 0.265741 0.222656 0.02963 0.016146
10 0.393056 0.182812 0.037963 0.020833
10 0.488426 0.165104 0.049074 0.026042
