3 0.390278 0.629948 0.076852 0.043229
3 0.62037 0.615885 0.077778 0.048438
3 0.293519 0.664062 0.072222 0.034375
3 0.541204 0.758333 0.067593 0.0375
7 0.331944 0.457031 0.063889 0.038021
3 0.518056 0.663802 0.063889 0.046354
7 0.408796 0.427865 0.075 0.036979
7 0.440741 0.463021 0.061111 0.033333
7 0.486574 0.397656 0.058333 0.031771
7 0.560648 0.453125 0.069444 0.033333
3 0.41713 0.740625 0.073148 0.040625
10 0.4875 0.217969 0.043519 0.021354
7 0.468056 0.508854 0.063889 0.032292
10 0.585185 0.27526 0.048148 0.024479
10 0.495833 0.288802 0.043519 0.027604
10 0.562963 0.192448 0.044444 0.026562
10 0.403241 0.188802 0.041667 0.027604
10 0.406481 0.285677 0.048148 0.024479
10 0.30463 0.265885 0.025926 0.014063
10 0.410185 0.232813 0.031481 0.017708
