3 0.272222 0.718229 0.088889 0.041667
3 0.42037 0.813021 0.087037 0.051042
7 0.32037 0.465365 0.075926 0.043229
7 0.599074 0.461719 0.085185 0.036979
7 0.510648 0.392969 0.071296 0.038021
7 0.415741 0.429688 0.087037 0.04375
10 0.605556 0.144792 0.055556 0.032292
7 0.485185 0.528646 0.072222 0.039583
3 0.569907 0.835156 0.086111 0.044271
3 0.546759 0.720573 0.073148 0.058854
3 0.390278 0.678385 0.084259 0.052604
3 0.672685 0.660937 0.091667 0.064583
7 0.45463 0.473177 0.072222 0.038021
10 0.631944 0.245052 0.058333 0.029687
10 0.411111 0.140104 0.05 0.033333
10 0.419907 0.193229 0.036111 0.020833
10 0.524074 0.261198 0.05 0.033854
10 0.289815 0.232813 0.02963 0.016667
10 0.413889 0.257031 0.057407 0.030729
10 0.513889 0.17474 0.051852 0.025521
