3 0.262037 0.69375 0.085185 0.039583
7 0.57037 0.451823 0.081481 0.036979
7 0.306481 0.454688 0.077778 0.042708
7 0.487037 0.386458 0.07037 0.0375
3 0.373148 0.65599 0.083333 0.050521
7 0.462963 0.514583 0.075926 0.038542
7 0.397222 0.421615 0.087037 0.042188
3 0.544907 0.803646 0.082407 0.042708
3 0.520833 0.695052 0.073148 0.056771
3 0.402778 0.782813 0.083333 0.048958
7 0.433796 0.46276 0.071296 0.038021
10 0.277778 0.235417 0.02963 0.016667
3 0.638889 0.639062 0.085185 0.059375
10 0.400463 0.197396 0.036111 0.019792
10 0.390741 0.147396 0.05 0.032292
10 0.488889 0.180469 0.05 0.024479
10 0.575926 0.150781 0.051852 0.031771
10 0.600926 0.246354 0.055556 0.028125
10 0.394907 0.258333 0.058333 0.029167
10 0.497685 0.261979 0.052778 0.033333
