7 0.467593 0.420052 0.027778 0.015104
7 0.558796 0.430469 0.025 0.014063
7 0.55 0.404167 0.025926 0.016667
7 0.585648 0.416667 0.030556 0.01875
7 0.514352 0.422135 0.026852 0.015104
3 0.538889 0.484896 0.033333 0.017708
3 0.593519 0.483594 0.033333 0.019271
7 0.508796 0.388281 0.026852 0.017188
3 0.511111 0.463281 0.02963 0.019271
3 0.57037 0.506771 0.031481 0.019792
10 0.507407 0.338542 0.012963 0.008333
3 0.504167 0.528906 0.037963 0.024479
3 0.481944 0.495573 0.036111 0.023438
10 0.530093 0.315365 0.019444 0.011979
10 0.564815 0.364844 0.022222 0.011979
10 0.567593 0.340365 0.02037 0.011979
10 0.501852 0.327865 0.016667 0.007812
10 0.499074 0.357031 0.02037 0.013021
10 0.540741 0.353125 0.016667 0.008333
10 0.534259 0.338281 0.022222 0.011979
