7 0.539387 0.413814 0.025897 0.01616
7 0.546255 0.437481 0.025311 0.014047
7 0.501926 0.4677 0.029267 0.018
7 0.500654 0.398346 0.026924 0.015894
7 0.528963 0.489645 0.030562 0.015529
7 0.571887 0.425256 0.02781 0.016221
7 0.507003 0.430496 0.024537 0.01371
7 0.463748 0.42785 0.02579 0.01396
7 0.556006 0.508942 0.029389 0.017841
3 0.474267 0.497548 0.031567 0.022143
7 0.492905 0.369712 0.021194 0.013126
7 0.556988 0.354247 0.019094 0.011626
7 0.525384 0.354157 0.015588 0.00868
7 0.494433 0.343132 0.016912 0.008921
7 0.531199 0.367003 0.015515 0.007292
3 0.495984 0.529448 0.035958 0.023385
10 0.495823 0.529464 0.035543 0.023081
7 0.502381 0.353447 0.01559 0.008415
7 0.521952 0.331959 0.021171 0.00974
