3 0.2625 0.69375 0.086111 0.039583
7 0.57037 0.451823 0.081481 0.036979
7 0.306944 0.455208 0.076852 0.042708
3 0.521759 0.695052 0.073148 0.055729
7 0.487037 0.386458 0.07037 0.0375
7 0.463426 0.514583 0.075 0.038542
3 0.373611 0.655729 0.082407 0.051042
7 0.397685 0.421354 0.086111 0.041667
3 0.54537 0.804427 0.083333 0.042188
3 0.402778 0.782813 0.083333 0.048958
7 0.434259 0.46276 0.07037 0.038021
10 0.278704 0.235156 0.02963 0.016146
3 0.638889 0.638802 0.090741 0.061979
10 0.4 0.197396 0.037037 0.019792
10 0.39213 0.147396 0.049074 0.032292
10 0.489352 0.180208 0.050926 0.025
10 0.498611 0.26224 0.050926 0.032813
10 0.395833 0.258333 0.056481 0.029167
10 0.576389 0.150781 0.050926 0.030729
10 0.601389 0.246615 0.056481 0.028646
