7 0.393056 0.41276 0.086111 0.043229
3 0.395833 0.801562 0.089815 0.053125
7 0.463889 0.513802 0.075926 0.040104
3 0.24537 0.704948 0.090741 0.042188
7 0.580093 0.445573 0.084259 0.040104
3 0.653241 0.649219 0.091667 0.065104
7 0.433796 0.457552 0.075 0.039062
3 0.367593 0.665104 0.088889 0.055208
3 0.524074 0.708333 0.075926 0.059375
7 0.491204 0.375521 0.071296 0.038542
3 0.543981 0.826042 0.099074 0.045833
10 0.589815 0.123958 0.057407 0.034375
7 0.298148 0.449219 0.07963 0.047396
10 0.39213 0.119271 0.050926 0.034375
10 0.394907 0.2375 0.060185 0.030208
10 0.506481 0.241667 0.051852 0.034375
10 0.4 0.172135 0.038889 0.021354
10 0.61713 0.22526 0.058333 0.029687
10 0.496759 0.154427 0.052778 0.026562
10 0.268981 0.2125 0.028704 0.016667
