3 0.275 0.693229 0.083333 0.038542
3 0.530093 0.69375 0.071296 0.055208
3 0.414352 0.779948 0.084259 0.048438
3 0.55463 0.800781 0.075926 0.043229
3 0.387037 0.653385 0.085185 0.052604
7 0.578241 0.453385 0.082407 0.038021
7 0.443056 0.464323 0.071296 0.038021
7 0.496296 0.389844 0.072222 0.038021
7 0.472222 0.516146 0.07037 0.0375
3 0.646759 0.63776 0.086111 0.058854
7 0.406481 0.423958 0.083333 0.040625
7 0.319444 0.457552 0.075926 0.043229
10 0.288426 0.240885 0.028704 0.016146
10 0.608796 0.251563 0.056481 0.028125
10 0.582407 0.157812 0.051852 0.03125
10 0.400926 0.153125 0.048148 0.03125
10 0.40463 0.263542 0.057407 0.029167
10 0.409259 0.203646 0.037037 0.020833
10 0.496759 0.186198 0.049074 0.024479
10 0.506019 0.266927 0.050926 0.032813
