3 0.611111 0.633594 0.077778 0.052604
3 0.375 0.648438 0.077778 0.04375
3 0.275 0.682813 0.074074 0.035417
7 0.394907 0.439583 0.076852 0.038542
7 0.315741 0.469792 0.066667 0.039583
7 0.550463 0.466146 0.073148 0.034375
3 0.506019 0.683594 0.062037 0.048438
7 0.455093 0.522656 0.062037 0.034896
7 0.474537 0.408594 0.062037 0.033854
3 0.52963 0.780729 0.072222 0.039583
3 0.401389 0.761458 0.075 0.041667
10 0.388426 0.195052 0.043519 0.028646
10 0.394444 0.294531 0.048148 0.025521
7 0.429167 0.476302 0.063889 0.032813
10 0.485648 0.297396 0.043519 0.028125
10 0.576852 0.283594 0.048148 0.024479
10 0.476389 0.224219 0.043519 0.022396
10 0.2875 0.273698 0.025 0.015104
10 0.554167 0.198177 0.04537 0.027604
10 0.396759 0.239844 0.030556 0.018229
