3 0.421759 0.813281 0.086111 0.050521
3 0.273148 0.71849 0.088889 0.041146
7 0.321759 0.465625 0.076852 0.04375
7 0.512037 0.393229 0.072222 0.038542
3 0.391204 0.678385 0.084259 0.052604
7 0.601389 0.46224 0.086111 0.038021
3 0.547685 0.720573 0.075 0.058854
3 0.673148 0.661979 0.090741 0.063542
10 0.60787 0.145052 0.056481 0.032813
3 0.574537 0.834635 0.084259 0.046354
7 0.41713 0.429948 0.087963 0.044271
7 0.486111 0.528646 0.072222 0.039583
7 0.45463 0.473177 0.07037 0.039062
10 0.412963 0.140625 0.05 0.033333
10 0.633796 0.245312 0.058333 0.030208
10 0.291667 0.232813 0.02963 0.016667
10 0.420833 0.192969 0.037963 0.021354
10 0.415741 0.257292 0.059259 0.030208
10 0.525 0.261458 0.051852 0.034375
10 0.515278 0.17526 0.052778 0.025521
