7 0.595833 0.422917 0.025 0.015625
7 0.496296 0.42474 0.024074 0.013021
7 0.565741 0.411458 0.022222 0.014583
7 0.535185 0.427344 0.024074 0.013021
7 0.571759 0.433333 0.023148 0.0125
7 0.530556 0.398177 0.024074 0.015104
3 0.505556 0.488542 0.02963 0.019792
3 0.580093 0.49974 0.025 0.017188
3 0.553241 0.48151 0.026852 0.014063
3 0.531019 0.461979 0.026852 0.016667
10 0.583796 0.357031 0.019444 0.010937
3 0.523611 0.516927 0.032407 0.019271
10 0.523611 0.372396 0.017593 0.010417
10 0.557407 0.36901 0.014815 0.007812
3 0.600926 0.479948 0.027778 0.017188
10 0.525463 0.347135 0.013889 0.007812
10 0.551389 0.336198 0.017593 0.008854
10 0.57963 0.378125 0.014815 0.010417
10 0.55463 0.354948 0.018519 0.010937
10 0.533333 0.35599 0.011111 0.005729
