7 0.557407 0.39349 0.027778 0.018229
7 0.596296 0.407292 0.031481 0.01875
7 0.520833 0.413542 0.028704 0.015625
7 0.471296 0.410677 0.027778 0.016146
7 0.567593 0.421615 0.02963 0.015104
7 0.512963 0.377083 0.02963 0.019792
3 0.548148 0.479948 0.033333 0.018229
3 0.51713 0.45651 0.034259 0.021354
3 0.580556 0.502865 0.033333 0.019271
3 0.485648 0.490885 0.037963 0.026562
3 0.509722 0.525781 0.039815 0.024479
3 0.605556 0.477865 0.035185 0.022396
10 0.542593 0.325521 0.016667 0.009375
10 0.514815 0.324479 0.014815 0.009375
10 0.503241 0.34401 0.023148 0.014063
10 0.577315 0.32526 0.021296 0.013021
10 0.547685 0.339062 0.017593 0.009375
10 0.575926 0.350781 0.024074 0.013021
10 0.5375 0.297135 0.021296 0.011979
10 0.50463 0.311198 0.02037 0.007812
