3 0.611111 0.634115 0.077778 0.052604
3 0.374074 0.648958 0.077778 0.044792
3 0.274537 0.683594 0.075 0.035937
7 0.394907 0.440104 0.076852 0.038542
7 0.316204 0.469792 0.067593 0.039583
3 0.401389 0.76276 0.076852 0.042188
3 0.506481 0.684115 0.062963 0.049479
7 0.550926 0.466927 0.074074 0.033854
7 0.474537 0.408854 0.062037 0.033333
3 0.52963 0.782031 0.072222 0.039062
7 0.455093 0.523438 0.062037 0.034375
10 0.388889 0.195052 0.044444 0.028646
10 0.393981 0.294531 0.049074 0.025521
7 0.429167 0.476562 0.063889 0.032292
10 0.485648 0.297917 0.043519 0.028125
10 0.576852 0.283854 0.05 0.025
10 0.554167 0.198437 0.04537 0.028125
10 0.2875 0.273958 0.025 0.014583
10 0.476389 0.22474 0.043519 0.022396
10 0.397685 0.240104 0.030556 0.017708
