3 0.515741 0.822135 0.083333 0.046354
7 0.4625 0.39375 0.078704 0.039583
7 0.278704 0.464062 0.085185 0.04375
3 0.49537 0.710677 0.081481 0.059896
3 0.228241 0.707031 0.087963 0.041146
3 0.343056 0.667448 0.086111 0.057813
3 0.371296 0.798698 0.087037 0.052604
7 0.40787 0.470833 0.076852 0.039583
7 0.436574 0.52474 0.073148 0.040104
7 0.547222 0.460677 0.087037 0.039062
3 0.615741 0.653125 0.090741 0.063542
10 0.249074 0.238542 0.033333 0.017708
7 0.368519 0.429427 0.090741 0.043229
10 0.368981 0.14974 0.049074 0.032813
10 0.556019 0.154427 0.052778 0.032813
10 0.579167 0.251823 0.05463 0.029687
10 0.369907 0.263802 0.058333 0.031771
10 0.475463 0.266146 0.05463 0.035417
10 0.467593 0.183854 0.053704 0.026042
10 0.376389 0.200781 0.037963 0.021354
