3 0.373148 0.798177 0.087037 0.051562
3 0.346296 0.664323 0.088889 0.059896
3 0.517593 0.821354 0.083333 0.046875
7 0.439815 0.523438 0.075926 0.039583
3 0.616667 0.652604 0.088889 0.064583
7 0.465278 0.39349 0.075 0.040104
7 0.27963 0.46224 0.085185 0.046354
3 0.496296 0.708594 0.081481 0.060937
7 0.548611 0.458594 0.086111 0.039062
7 0.370833 0.428385 0.091667 0.044271
3 0.22963 0.70599 0.090741 0.041146
7 0.409722 0.470052 0.076852 0.040104
10 0.252315 0.238021 0.030556 0.016667
10 0.580093 0.250521 0.056481 0.030208
10 0.373148 0.261198 0.059259 0.030729
10 0.558333 0.153125 0.053704 0.033333
10 0.478241 0.265365 0.052778 0.034896
10 0.369444 0.148438 0.051852 0.034375
10 0.468056 0.183333 0.052778 0.026042
10 0.378241 0.19974 0.039815 0.020313
