7 0.468056 0.419271 0.026852 0.014583
7 0.548148 0.404167 0.025926 0.016667
7 0.512963 0.421354 0.025926 0.014583
3 0.502778 0.524479 0.037037 0.022917
7 0.581481 0.416406 0.02963 0.017188
7 0.556019 0.428906 0.025 0.014063
7 0.50787 0.388542 0.026852 0.017708
3 0.511111 0.461458 0.02963 0.01875
3 0.537037 0.482812 0.031481 0.015625
3 0.481944 0.491406 0.036111 0.023438
3 0.589815 0.480469 0.031481 0.019271
10 0.565741 0.342448 0.02037 0.013021
3 0.567593 0.503125 0.02963 0.017708
10 0.528704 0.319271 0.02037 0.010417
10 0.533333 0.340365 0.02037 0.013021
10 0.498611 0.359375 0.021296 0.013542
10 0.559722 0.366667 0.021296 0.011458
10 0.538426 0.355208 0.017593 0.008333
10 0.50787 0.341406 0.013889 0.008854
10 0.5 0.329167 0.014815 0.008333
