3 0.273148 0.717969 0.090741 0.042188
3 0.423611 0.814063 0.086111 0.051042
3 0.574074 0.836979 0.096296 0.045833
7 0.516204 0.388021 0.075 0.0375
7 0.322222 0.461198 0.07963 0.045312
3 0.551852 0.720313 0.075926 0.059375
7 0.419907 0.42474 0.087963 0.043229
7 0.60463 0.457292 0.083333 0.038542
7 0.489352 0.525 0.073148 0.038542
3 0.393519 0.678385 0.087037 0.055729
3 0.681019 0.660156 0.093519 0.061979
10 0.29213 0.22526 0.030556 0.017188
10 0.612037 0.135677 0.057407 0.033854
7 0.458333 0.46875 0.075926 0.0375
10 0.519907 0.166146 0.052778 0.026042
10 0.423148 0.184635 0.037037 0.021354
10 0.418981 0.24974 0.060185 0.030729
10 0.415741 0.13151 0.05 0.033854
10 0.530093 0.253906 0.052778 0.034896
10 0.640278 0.236979 0.058333 0.030208
