7 0.558333 0.435417 0.024074 0.014583
7 0.58287 0.422656 0.026852 0.016146
3 0.538889 0.488542 0.031481 0.017708
7 0.510185 0.395833 0.027778 0.016667
7 0.472685 0.425781 0.025 0.014063
7 0.516667 0.427865 0.025926 0.014063
7 0.549537 0.410938 0.025 0.015625
3 0.512037 0.466406 0.02963 0.018229
3 0.568056 0.508594 0.028704 0.018229
3 0.50463 0.528906 0.037037 0.024479
10 0.563889 0.373958 0.02037 0.011458
3 0.484259 0.496875 0.033333 0.022917
3 0.591667 0.485417 0.031481 0.01875
10 0.567593 0.35026 0.02037 0.011979
10 0.501852 0.365625 0.02037 0.0125
10 0.541667 0.36224 0.016667 0.009896
10 0.5125 0.348958 0.015741 0.009375
10 0.536111 0.347917 0.02037 0.010417
10 0.532407 0.325781 0.018519 0.008854
10 0.502778 0.3375 0.014815 0.008333
