3 0.280093 0.685417 0.082407 0.038542
3 0.551389 0.791146 0.078704 0.042708
3 0.641204 0.633073 0.084259 0.057813
3 0.416204 0.770573 0.082407 0.046354
7 0.574537 0.452604 0.078704 0.0375
7 0.408333 0.423698 0.081481 0.040104
7 0.443981 0.463281 0.071296 0.038021
3 0.388889 0.648438 0.083333 0.051042
7 0.322222 0.45599 0.075926 0.042188
7 0.494444 0.390885 0.066667 0.035937
7 0.471759 0.513802 0.067593 0.036979
3 0.528241 0.685937 0.069444 0.053125
10 0.293056 0.245052 0.028704 0.016146
10 0.406019 0.267188 0.05463 0.027083
10 0.410185 0.208594 0.035185 0.019271
10 0.401852 0.160417 0.046296 0.03125
10 0.578704 0.164062 0.05 0.030208
10 0.505556 0.270052 0.048148 0.031771
10 0.603704 0.255208 0.053704 0.027083
10 0.495833 0.191927 0.047222 0.024479
