7 0.532801 0.431006 0.02239 0.014175
7 0.494314 0.423974 0.025206 0.013483
7 0.452069 0.421362 0.024174 0.01389
7 0.55758 0.418979 0.026376 0.01592
7 0.48832 0.392955 0.023483 0.016062
7 0.490567 0.461213 0.027806 0.019127
7 0.526892 0.407938 0.024487 0.016161
7 0.51497 0.480415 0.028975 0.014698
3 0.482251 0.518693 0.033799 0.020614
7 0.542627 0.350443 0.018777 0.012276
3 0.462758 0.489282 0.031567 0.022548
3 0.564615 0.479744 0.030576 0.019121
7 0.542207 0.500202 0.027634 0.017506
7 0.481759 0.364982 0.019595 0.012395
7 0.539996 0.372795 0.018693 0.010627
7 0.555698 0.423373 0.028386 0.016039
7 0.517027 0.362736 0.018474 0.008726
