7 0.467593 0.420312 0.027778 0.014583
7 0.549074 0.404167 0.025926 0.016667
7 0.55787 0.430729 0.025 0.014583
7 0.584722 0.416927 0.030556 0.018229
7 0.514352 0.422396 0.026852 0.015625
3 0.539352 0.484635 0.034259 0.018229
3 0.592593 0.483333 0.033333 0.01875
7 0.508333 0.388542 0.027778 0.017708
3 0.511111 0.464062 0.02963 0.019792
3 0.569444 0.506771 0.031481 0.019792
3 0.481019 0.495833 0.036111 0.023958
3 0.503241 0.528385 0.037963 0.023438
10 0.564352 0.365625 0.021296 0.011458
10 0.506944 0.338802 0.013889 0.008854
10 0.501389 0.327865 0.017593 0.007812
10 0.530093 0.317188 0.021296 0.008333
10 0.56713 0.341146 0.021296 0.0125
10 0.540278 0.353385 0.017593 0.008854
10 0.499537 0.35599 0.017593 0.014063
10 0.533796 0.338021 0.021296 0.0125
