3 0.278891 0.685066 0.081236 0.03827
3 0.549979 0.791117 0.08074 0.042483
3 0.414909 0.770489 0.081626 0.046392
7 0.572936 0.452964 0.079044 0.038015
3 0.640105 0.633088 0.084776 0.058426
7 0.443114 0.463389 0.070951 0.038316
7 0.492757 0.391225 0.065109 0.036013
3 0.387702 0.64876 0.08326 0.04946
3 0.526465 0.686704 0.068293 0.052502
7 0.321417 0.456232 0.075105 0.042074
7 0.470473 0.513781 0.068134 0.03707
7 0.40716 0.423757 0.082398 0.039704
10 0.292135 0.245712 0.027375 0.01571
10 0.404355 0.2679 0.055332 0.027546
10 0.409001 0.209379 0.03476 0.019681
10 0.601871 0.256033 0.051665 0.026979
10 0.504715 0.270608 0.047861 0.031709
10 0.57741 0.164773 0.048917 0.030337
10 0.401095 0.160766 0.045988 0.030765
10 0.494426 0.192739 0.046506 0.024067
