7 0.595833 0.407552 0.032407 0.018229
7 0.557407 0.39375 0.027778 0.017708
7 0.52037 0.413802 0.02963 0.016146
7 0.47037 0.411198 0.027778 0.016146
7 0.566667 0.421615 0.027778 0.015104
7 0.5125 0.377344 0.028704 0.019271
3 0.547685 0.479948 0.034259 0.018229
3 0.51713 0.457031 0.034259 0.021354
3 0.580556 0.502865 0.033333 0.019271
10 0.543056 0.325781 0.017593 0.008854
3 0.605093 0.478385 0.036111 0.022396
3 0.485648 0.491406 0.037963 0.026562
3 0.509259 0.525781 0.040741 0.023438
10 0.513889 0.32474 0.014815 0.008854
10 0.576852 0.32526 0.022222 0.013021
10 0.547222 0.339062 0.018519 0.010417
10 0.504167 0.313021 0.017593 0.009375
10 0.502778 0.34401 0.022222 0.014063
10 0.573148 0.352604 0.022222 0.0125
10 0.5375 0.298958 0.025 0.015625
