7 0.522222 0.408333 0.02963 0.016667
7 0.471296 0.40625 0.02963 0.016667
7 0.6 0.402344 0.033333 0.020313
3 0.550926 0.478125 0.035185 0.019792
7 0.570833 0.416667 0.028704 0.015625
7 0.562037 0.388281 0.02963 0.019271
7 0.514815 0.370052 0.031481 0.019271
3 0.486111 0.488802 0.038889 0.027604
10 0.550463 0.333073 0.019444 0.008854
3 0.585185 0.500781 0.033333 0.020313
3 0.519444 0.453385 0.035185 0.021354
10 0.504167 0.336198 0.021296 0.014063
3 0.610648 0.47526 0.036111 0.021354
10 0.544444 0.317969 0.018519 0.007812
10 0.580556 0.317969 0.022222 0.013021
3 0.510648 0.52526 0.039815 0.025521
10 0.514815 0.316667 0.014815 0.009375
10 0.576389 0.345833 0.021296 0.011458
10 0.505556 0.304167 0.018519 0.009375
10 0.538889 0.291406 0.024074 0.010937
