7 0.532407 0.423958 0.022222 0.0125
7 0.527778 0.395052 0.025926 0.015104
7 0.493519 0.421615 0.024074 0.013021
7 0.568981 0.43099 0.021296 0.014063
7 0.593056 0.419792 0.025 0.014583
7 0.563426 0.409115 0.023148 0.015104
3 0.529167 0.459635 0.025 0.017188
3 0.553241 0.477865 0.026852 0.013021
10 0.52037 0.36849 0.018519 0.010937
10 0.551389 0.353125 0.017593 0.010417
3 0.520833 0.514062 0.032407 0.019792
10 0.580093 0.354687 0.017593 0.010417
10 0.530556 0.353385 0.012963 0.006771
3 0.577315 0.496875 0.026852 0.016667
3 0.502778 0.485677 0.02963 0.020313
3 0.598148 0.476302 0.025926 0.016146
10 0.522222 0.343229 0.016667 0.008333
10 0.576389 0.375 0.021296 0.0125
10 0.549074 0.333854 0.018519 0.009375
10 0.556944 0.364063 0.017593 0.008333
