7 0.561296 0.42274 0.027047 0.016928
7 0.496439 0.427548 0.024109 0.014047
7 0.454189 0.425077 0.024658 0.013838
7 0.529179 0.410906 0.024361 0.015123
7 0.536042 0.434546 0.024763 0.013491
7 0.490982 0.396028 0.025495 0.015165
7 0.492379 0.463759 0.025891 0.01645
7 0.546004 0.352708 0.021266 0.012349
7 0.517629 0.485263 0.029662 0.01452
3 0.485083 0.524586 0.034981 0.022314
7 0.545806 0.504472 0.028554 0.017014
7 0.482448 0.368573 0.020121 0.011212
7 0.52041 0.364415 0.016548 0.008391
3 0.568085 0.482659 0.030624 0.017522
7 0.464885 0.493346 0.03258 0.021187
7 0.541211 0.375346 0.018556 0.010678
7 0.516904 0.487918 0.031471 0.020688
7 0.513954 0.35305 0.015102 0.007701
