7 0.304167 0.465885 0.076852 0.044271
3 0.255556 0.720052 0.090741 0.042188
3 0.553704 0.836719 0.096296 0.045312
7 0.585648 0.46276 0.082407 0.039062
3 0.406019 0.814063 0.087963 0.048958
3 0.530556 0.722656 0.074074 0.058854
3 0.657407 0.66276 0.090741 0.064062
7 0.495833 0.39349 0.073148 0.039062
7 0.438426 0.473177 0.071296 0.039062
3 0.374074 0.68099 0.085185 0.055729
7 0.401389 0.430469 0.089815 0.044271
7 0.469907 0.529948 0.073148 0.039062
10 0.5 0.174219 0.051852 0.025521
10 0.397222 0.139844 0.051852 0.033854
10 0.400463 0.256771 0.058333 0.030208
10 0.591667 0.14401 0.055556 0.033854
10 0.274537 0.232552 0.030556 0.017188
10 0.509722 0.261458 0.052778 0.034375
10 0.404167 0.192708 0.037963 0.021875
10 0.618519 0.245312 0.057407 0.029167
