3 0.258092 0.719166 0.091104 0.042047
7 0.588164 0.462031 0.082122 0.037841
7 0.306764 0.465416 0.079756 0.043652
3 0.532694 0.721474 0.074505 0.058927
7 0.441987 0.473102 0.072967 0.038769
3 0.377859 0.679877 0.086768 0.055557
3 0.556739 0.836665 0.091748 0.04489
7 0.497831 0.39288 0.074778 0.038879
3 0.406929 0.813836 0.085561 0.050348
7 0.473186 0.528777 0.072921 0.038144
10 0.399341 0.138562 0.051224 0.033804
7 0.403295 0.428994 0.086553 0.042714
3 0.659888 0.661951 0.087875 0.061994
10 0.50259 0.173386 0.051839 0.025182
10 0.512446 0.260803 0.050807 0.034021
10 0.594777 0.143068 0.053553 0.032887
10 0.402916 0.255992 0.058888 0.029677
10 0.277142 0.231708 0.029591 0.016865
10 0.621005 0.244778 0.055648 0.029419
10 0.406638 0.192073 0.03627 0.020992
