3 0.272222 0.718229 0.090741 0.042708
3 0.423148 0.814063 0.087037 0.051042
3 0.550926 0.720573 0.075926 0.059896
7 0.321759 0.461979 0.078704 0.044792
7 0.515741 0.388802 0.077778 0.039062
3 0.392593 0.678906 0.087037 0.055729
7 0.418519 0.425521 0.088889 0.04375
7 0.603241 0.457813 0.084259 0.038542
7 0.489352 0.52526 0.075 0.039062
3 0.574537 0.836979 0.093519 0.045833
3 0.677778 0.660677 0.090741 0.064062
10 0.290741 0.226042 0.02963 0.016667
7 0.45787 0.469792 0.076852 0.038542
10 0.518056 0.167187 0.050926 0.026042
10 0.415278 0.132552 0.050926 0.033854
10 0.610648 0.136719 0.056481 0.033854
10 0.41713 0.250781 0.060185 0.031771
10 0.422685 0.185417 0.036111 0.020833
10 0.638889 0.238281 0.061111 0.029687
10 0.528241 0.255208 0.052778 0.035417
