3 0.392593 0.638542 0.074074 0.041667
3 0.298148 0.671354 0.072222 0.034375
3 0.517593 0.671875 0.061111 0.045833
3 0.539352 0.764323 0.069444 0.038021
3 0.617593 0.625521 0.075926 0.048958
10 0.30787 0.282813 0.025 0.014583
3 0.41713 0.746615 0.069444 0.040104
7 0.410185 0.440625 0.072222 0.036458
7 0.335185 0.46875 0.068519 0.0375
7 0.558796 0.465625 0.069444 0.032292
7 0.486111 0.410677 0.057407 0.031771
7 0.441204 0.475781 0.058333 0.031771
10 0.487037 0.235677 0.040741 0.021354
7 0.468056 0.519792 0.062037 0.032292
10 0.58287 0.292448 0.04537 0.023438
10 0.403704 0.207031 0.040741 0.026562
10 0.408333 0.302344 0.048148 0.024479
10 0.49537 0.305208 0.042593 0.026042
10 0.560648 0.210417 0.043519 0.026042
10 0.411111 0.25026 0.031481 0.017188
