3 0.25787 0.704167 0.089815 0.040625
7 0.301852 0.454427 0.075926 0.044271
7 0.394907 0.41901 0.084259 0.043229
3 0.553241 0.815625 0.084259 0.044792
7 0.464815 0.515885 0.074074 0.038021
10 0.387963 0.133854 0.05 0.033333
3 0.40463 0.795833 0.087037 0.048958
7 0.488889 0.383073 0.07037 0.038021
3 0.650926 0.644271 0.088889 0.0625
10 0.5 0.252604 0.051852 0.034375
7 0.435648 0.461979 0.073148 0.038542
7 0.576389 0.44974 0.082407 0.036979
10 0.579167 0.13776 0.05463 0.032813
3 0.528704 0.703125 0.072222 0.058333
3 0.373611 0.663542 0.084259 0.053125
10 0.488889 0.167448 0.051852 0.025521
10 0.395833 0.185677 0.037963 0.021354
10 0.607407 0.236198 0.057407 0.029687
10 0.268981 0.22526 0.026852 0.016146
10 0.39213 0.248698 0.060185 0.029687
