7 0.522685 0.41849 0.026852 0.015104
7 0.595833 0.413021 0.030556 0.01875
7 0.568056 0.426302 0.026852 0.015104
7 0.474537 0.415625 0.026852 0.015625
7 0.559259 0.399219 0.027778 0.017188
3 0.549537 0.484375 0.034259 0.01875
3 0.487963 0.49401 0.037037 0.024479
3 0.518981 0.461458 0.034259 0.020833
7 0.516204 0.382552 0.030556 0.018229
3 0.605556 0.482292 0.033333 0.020833
3 0.581019 0.507552 0.032407 0.022396
3 0.511574 0.529167 0.039815 0.025
10 0.577315 0.332292 0.021296 0.013542
10 0.516204 0.331771 0.015741 0.009375
10 0.506019 0.350521 0.021296 0.013542
10 0.574074 0.357292 0.02037 0.014583
10 0.551389 0.344792 0.019444 0.011458
10 0.542593 0.330208 0.022222 0.011458
10 0.539352 0.304688 0.023148 0.0125
10 0.506481 0.319531 0.016667 0.008854
