3 0.236111 0.710677 0.090741 0.042188
7 0.571759 0.452083 0.082407 0.038542
3 0.642593 0.654948 0.088889 0.064062
7 0.482407 0.382031 0.075926 0.038021
7 0.3875 0.417448 0.087963 0.044271
7 0.425926 0.463021 0.075926 0.039583
7 0.289815 0.454167 0.07963 0.044792
3 0.386111 0.80625 0.088889 0.05
3 0.540278 0.830729 0.086111 0.046875
10 0.3875 0.12526 0.050926 0.033854
7 0.456944 0.51875 0.076852 0.038542
3 0.513889 0.713542 0.074074 0.058333
10 0.2625 0.218229 0.030556 0.016667
10 0.582407 0.130469 0.057407 0.033854
10 0.609722 0.23151 0.058333 0.029687
3 0.356481 0.669531 0.085185 0.053646
10 0.498148 0.247917 0.055556 0.034375
10 0.489352 0.160677 0.052778 0.026562
10 0.394444 0.178125 0.037037 0.020833
10 0.387963 0.24349 0.061111 0.030729
