3 0.271759 0.690625 0.086111 0.040625
3 0.564815 0.800781 0.083333 0.044271
3 0.418519 0.78099 0.083333 0.050521
7 0.475463 0.503906 0.071296 0.038021
3 0.538426 0.689844 0.071296 0.056771
7 0.497222 0.372656 0.072222 0.038021
3 0.3875 0.649479 0.084259 0.052083
7 0.585185 0.438542 0.081481 0.036458
7 0.405556 0.407813 0.083333 0.041667
7 0.443981 0.450521 0.073148 0.038542
3 0.658333 0.632031 0.085185 0.060937
7 0.313889 0.44401 0.075926 0.043229
10 0.394907 0.126562 0.049074 0.032292
10 0.400463 0.239844 0.056481 0.030729
10 0.278704 0.216927 0.02963 0.016146
10 0.612037 0.226823 0.055556 0.028646
10 0.494907 0.159635 0.050926 0.025521
10 0.584259 0.129688 0.053704 0.032292
10 0.404167 0.177344 0.036111 0.021354
10 0.506944 0.243229 0.050926 0.033333
