3 0.496759 0.704948 0.075 0.057813
3 0.233796 0.703385 0.087963 0.040104
7 0.283796 0.461719 0.080556 0.044271
7 0.374074 0.427865 0.085185 0.043229
3 0.522222 0.815365 0.083333 0.044271
3 0.375926 0.795052 0.083333 0.049479
3 0.618981 0.647917 0.089815 0.064583
7 0.440741 0.522656 0.075926 0.039062
3 0.350463 0.663281 0.086111 0.054688
7 0.465278 0.392708 0.073148 0.038542
7 0.549537 0.458333 0.082407 0.0375
7 0.410185 0.46901 0.077778 0.039062
10 0.37037 0.150781 0.05 0.032813
10 0.255093 0.239583 0.028704 0.016667
10 0.375 0.26276 0.059259 0.029687
10 0.557407 0.155208 0.051852 0.032292
10 0.580556 0.251302 0.057407 0.028646
10 0.477778 0.267448 0.051852 0.032813
10 0.377778 0.201302 0.037037 0.021354
10 0.468519 0.184375 0.051852 0.025
