3 0.399537 0.799219 0.087963 0.050521
7 0.391204 0.41849 0.086111 0.043229
3 0.247685 0.705208 0.089815 0.041667
7 0.486574 0.382292 0.071296 0.0375
3 0.55 0.820833 0.081481 0.044792
3 0.522685 0.707031 0.075 0.058854
7 0.461574 0.516406 0.073148 0.039062
7 0.42963 0.461979 0.074074 0.038542
7 0.574074 0.45026 0.081481 0.038021
10 0.607407 0.234635 0.059259 0.029687
3 0.369444 0.665625 0.087037 0.053125
7 0.298148 0.454427 0.077778 0.044271
3 0.647685 0.648177 0.091667 0.060937
10 0.57963 0.135156 0.053704 0.032813
10 0.386574 0.130729 0.049074 0.033333
10 0.497685 0.250781 0.05463 0.033854
10 0.388889 0.246615 0.061111 0.030729
10 0.265741 0.222396 0.02963 0.016667
10 0.393519 0.182812 0.038889 0.020833
10 0.488889 0.164844 0.05 0.026562
