3 0.258796 0.704427 0.087963 0.040104
3 0.406481 0.796094 0.085185 0.048438
7 0.396759 0.419271 0.086111 0.04375
7 0.302778 0.455208 0.075926 0.04375
7 0.466204 0.515885 0.071296 0.038021
10 0.388426 0.134375 0.049074 0.033333
3 0.652778 0.644531 0.088889 0.061979
3 0.555556 0.815885 0.081481 0.045312
7 0.490278 0.383073 0.069444 0.038021
3 0.530093 0.703646 0.073148 0.057292
7 0.436111 0.46224 0.072222 0.038021
7 0.578241 0.45026 0.084259 0.036979
10 0.502315 0.252604 0.052778 0.034375
3 0.375 0.664062 0.083333 0.052083
10 0.490741 0.167708 0.051852 0.026042
10 0.579167 0.138281 0.05463 0.032813
10 0.271296 0.22526 0.027778 0.016146
10 0.397222 0.185938 0.037037 0.020833
10 0.393519 0.248698 0.059259 0.029687
10 0.608333 0.236719 0.057407 0.028646
