3 0.228241 0.711198 0.091667 0.042188
3 0.353241 0.669531 0.087963 0.054688
3 0.637963 0.653385 0.092593 0.065104
7 0.37963 0.416927 0.088889 0.045312
3 0.530556 0.830469 0.094444 0.047396
3 0.5125 0.713542 0.078704 0.059375
7 0.449074 0.517448 0.074074 0.039062
3 0.38287 0.806771 0.089815 0.051042
7 0.418056 0.460938 0.075 0.039583
7 0.281481 0.452865 0.081481 0.045312
10 0.375926 0.121354 0.05 0.034375
7 0.566204 0.449479 0.084259 0.0375
7 0.476389 0.379167 0.073148 0.0375
10 0.38287 0.174479 0.037963 0.020833
10 0.251852 0.215104 0.02963 0.016667
10 0.574074 0.125521 0.055556 0.034375
10 0.378241 0.239583 0.060185 0.03125
10 0.6 0.227344 0.061111 0.030729
10 0.490278 0.24401 0.052778 0.034896
10 0.480093 0.15625 0.052778 0.026042
