3 0.228241 0.711198 0.091667 0.042188
3 0.638426 0.653385 0.091667 0.065104
3 0.353241 0.669271 0.087963 0.055208
3 0.383333 0.807031 0.088889 0.051562
7 0.380556 0.416667 0.090741 0.044792
3 0.513426 0.713542 0.078704 0.059375
7 0.45 0.517188 0.074074 0.039583
3 0.531481 0.830729 0.092593 0.046875
7 0.281944 0.452344 0.080556 0.045312
7 0.477315 0.378906 0.073148 0.038021
7 0.418981 0.460938 0.075 0.039583
10 0.376852 0.120573 0.05 0.033854
7 0.566204 0.449479 0.084259 0.0375
10 0.252778 0.214323 0.02963 0.017188
10 0.383796 0.174219 0.037963 0.021354
10 0.574537 0.125 0.05463 0.034375
10 0.379167 0.239323 0.060185 0.030729
10 0.600926 0.227344 0.062963 0.030729
10 0.480093 0.155729 0.052778 0.026042
10 0.490741 0.24375 0.053704 0.035417
