7 0.523148 0.408594 0.02963 0.016146
7 0.471759 0.40625 0.028704 0.016667
7 0.571296 0.416667 0.02963 0.015625
7 0.6 0.402865 0.033333 0.020313
3 0.550926 0.478125 0.035185 0.019792
7 0.562037 0.388802 0.02963 0.019271
7 0.515741 0.370573 0.031481 0.019271
10 0.550926 0.333073 0.018519 0.008854
3 0.486574 0.488802 0.039815 0.027604
3 0.585185 0.500781 0.031481 0.020313
3 0.519907 0.453125 0.034259 0.020833
10 0.504167 0.336458 0.021296 0.013542
3 0.610648 0.47526 0.036111 0.021354
10 0.580556 0.318229 0.022222 0.0125
10 0.514815 0.316667 0.014815 0.009375
3 0.510648 0.52526 0.039815 0.025521
10 0.544907 0.316667 0.019444 0.011458
10 0.539352 0.291406 0.025 0.010937
10 0.506019 0.304427 0.019444 0.009896
10 0.577315 0.344792 0.023148 0.014583
