10 0.478704 0.282292 0.018519 0.010417
7 0.488426 0.388542 0.034259 0.01875
7 0.429167 0.385417 0.034259 0.01875
7 0.543981 0.397917 0.032407 0.01875
7 0.576389 0.38099 0.037963 0.022396
7 0.478704 0.345313 0.035185 0.023958
7 0.531944 0.364844 0.034259 0.022396
10 0.509722 0.284896 0.023148 0.009375
3 0.447685 0.48099 0.04537 0.033854
3 0.475 0.522135 0.046296 0.031771
3 0.520833 0.467187 0.039815 0.023958
10 0.519444 0.301042 0.022222 0.010417
10 0.468981 0.269271 0.021296 0.010417
3 0.561574 0.49401 0.043519 0.023438
3 0.484722 0.440104 0.039815 0.027083
10 0.552778 0.284635 0.025926 0.014063
3 0.589815 0.464844 0.042593 0.025521
10 0.55 0.316146 0.027778 0.013542
10 0.466204 0.305729 0.025 0.016667
10 0.505093 0.253906 0.026852 0.011979
