7 0.392593 0.413542 0.087037 0.04375
7 0.462963 0.514062 0.075926 0.039583
3 0.652778 0.65026 0.092593 0.064062
3 0.394444 0.803646 0.088889 0.052083
3 0.243981 0.705469 0.091667 0.042188
3 0.366667 0.666406 0.088889 0.054688
7 0.580093 0.446354 0.084259 0.039583
3 0.543056 0.826823 0.099074 0.046354
7 0.296296 0.448958 0.077778 0.04375
3 0.523148 0.709375 0.075926 0.059375
7 0.489815 0.376042 0.072222 0.038542
7 0.433333 0.458333 0.075926 0.038542
10 0.589815 0.12474 0.057407 0.033854
10 0.391667 0.120052 0.051852 0.033854
10 0.400463 0.172917 0.036111 0.020833
10 0.615741 0.226302 0.061111 0.030729
10 0.506019 0.242448 0.050926 0.034896
10 0.394444 0.23776 0.061111 0.030729
10 0.268056 0.213281 0.028704 0.017188
10 0.496296 0.154948 0.051852 0.025521
