3 0.247685 0.720052 0.089815 0.042188
7 0.393056 0.43125 0.086111 0.042708
7 0.431944 0.473958 0.071296 0.039583
7 0.579167 0.463021 0.086111 0.038542
3 0.4 0.815365 0.088889 0.050521
3 0.37037 0.679167 0.087037 0.054167
3 0.547222 0.836979 0.088889 0.045833
10 0.584722 0.144271 0.05463 0.033333
7 0.299074 0.465885 0.077778 0.044271
7 0.464352 0.530208 0.076852 0.039583
3 0.651389 0.663281 0.091667 0.064062
7 0.488889 0.39375 0.072222 0.038542
3 0.525 0.722917 0.075926 0.058333
10 0.612037 0.245312 0.059259 0.030208
10 0.389815 0.139844 0.051852 0.032813
10 0.504167 0.261719 0.050926 0.034896
10 0.267593 0.232552 0.02963 0.017188
10 0.399074 0.192448 0.035185 0.020313
10 0.393056 0.257031 0.060185 0.030729
10 0.492593 0.174479 0.05 0.025
