7 0.440741 0.384115 0.031481 0.018229
7 0.582407 0.379427 0.038889 0.023438
7 0.538889 0.363802 0.031481 0.019271
7 0.55 0.396094 0.031481 0.018229
7 0.488426 0.344531 0.034259 0.020313
7 0.497222 0.386458 0.033333 0.01875
10 0.488889 0.285156 0.016667 0.010937
3 0.456944 0.473958 0.043519 0.030208
10 0.560185 0.2875 0.024074 0.0125
3 0.565278 0.488281 0.037963 0.022396
3 0.527778 0.4625 0.040741 0.022917
10 0.527778 0.302865 0.022222 0.009896
3 0.493056 0.436458 0.039815 0.026042
10 0.519444 0.283854 0.024074 0.015625
3 0.593519 0.459896 0.038889 0.022917
3 0.483796 0.515625 0.04537 0.029167
10 0.477315 0.307552 0.023148 0.015104
10 0.477315 0.270833 0.021296 0.011458
10 0.514352 0.256771 0.025 0.013542
10 0.557407 0.314583 0.024074 0.015625
