7 0.555556 0.378125 0.031481 0.01875
7 0.596296 0.392969 0.033333 0.020313
10 0.50787 0.302604 0.015741 0.009375
7 0.566204 0.408594 0.030556 0.017188
7 0.461574 0.396875 0.032407 0.017708
7 0.515741 0.4 0.033333 0.017708
7 0.50787 0.359896 0.032407 0.019792
3 0.502315 0.522396 0.043519 0.029167
10 0.575926 0.304427 0.024074 0.014063
3 0.544444 0.471875 0.038889 0.020833
3 0.511111 0.447917 0.037037 0.025
3 0.477778 0.482812 0.040741 0.029167
3 0.578704 0.496615 0.037037 0.023438
10 0.537963 0.302083 0.022222 0.014583
3 0.606481 0.470313 0.037037 0.022917
10 0.531481 0.276823 0.024074 0.010937
10 0.497685 0.290885 0.017593 0.009896
10 0.544444 0.319271 0.022222 0.010417
10 0.496759 0.324479 0.023148 0.014583
10 0.572685 0.333073 0.023148 0.013021
