3 0.500463 0.704427 0.073148 0.057813
3 0.238889 0.703125 0.088889 0.039583
3 0.381481 0.79401 0.087037 0.051562
7 0.377315 0.426823 0.084259 0.043229
7 0.286574 0.460938 0.078704 0.04375
7 0.553241 0.457292 0.082407 0.0375
7 0.44537 0.521615 0.077778 0.039062
3 0.353704 0.66276 0.085185 0.054688
3 0.526852 0.815625 0.085185 0.04375
7 0.469444 0.391927 0.072222 0.038021
7 0.414815 0.468229 0.07037 0.038542
3 0.620833 0.647917 0.091667 0.0625
10 0.258333 0.238281 0.02963 0.016146
10 0.560185 0.153906 0.051852 0.031771
10 0.482407 0.266146 0.051852 0.033333
10 0.372685 0.149479 0.050926 0.032292
10 0.584722 0.250521 0.058333 0.029167
10 0.376389 0.261198 0.058333 0.029687
10 0.472222 0.183073 0.05 0.025521
10 0.381019 0.20026 0.037963 0.020313
